
2987524550
2987528956
2987557792
1397683809
583496184
450814997
583544987
497660133
497661914
843425103
861133494
312724602
1624804924
1624803912
1429098683
945476727
1493485159
2577441180
561177050
2969350304
2997224666
2814015609
2613038392
1814297223
2851018286
2021778690
2843838065
2262255106
3080213985
623475643
2578187969
1484261993
2572487482
2965680724
3013515917
3043043427
858924774
1282716647
1252091296
3093099072
3093219932
962932583
1981964169
962952492
2947655994
2917444360
1883956552
1779063631
541888371
2291129343
1412981204
1889104923
1638341685
2849354160
1314910827
1224892496
1841047025
2260572637
1858075458
1175642869
2447965207
2993442344
2789152015
3024549278
3029597297
1578884800
2589302544
2316343124
1368857262
1375890861
621650475
549676314
2018593688
1199318917
1201499127
776064312
2801060088
2905489750
3013966707
3078351739
1926513010
2451821487

